500 0 1
0.996160 0.001496 -0.087537 
0.002033 0.999189 0.040214 
0.087526 -0.040238 0.995349 
0.753474 -0.350894 0.556013 
0.998106 0.000969 -0.061504 
0.000333 0.999776 0.021159 
0.061511 -0.021140 0.997883 
0.688760 -0.235847 0.685556 
433 0 2
0.999371 0.032097 -0.015054 
-0.030386 0.994255 0.102633 
0.018262 -0.102111 0.994605 
0.714449 -0.219192 0.664468 
0.999366 0.035319 -0.004482 
-0.034799 0.995634 0.086613 
0.007521 -0.086402 0.996232 
0.732844 -0.150665 0.663506 
